Vertex Count: 738

Data:

0.602614 6.1302 -4.7222 0.519885 0.028755 -0.085965 0.003751 -0.996291
5.31871 6.21092 -5.12882 0.460806 0.514313 -0.085889 -0.000799 -0.996304
0.595653 5.97508 -4.7222 0.504109 0.025839 -0.085967 0.003858 -0.996291
5.31698 6.3777 -5.12882 0.477898 0.516508 -0.085887 -0.000889 -0.996305
5.31871 6.21092 -5.12882 0.460806 0.514313 -0.085889 -0.000799 -0.996304
0.602614 6.1302 -4.7222 0.519885 0.028755 -0.085965 0.003751 -0.996291
5.31871 6.21092 -1.02647 0.919062 0.551046 0.999947 0.010341 -0
5.31698 6.3777 -5.12882 0.495237 0.533846 0.999947 0.010348 -0
5.31699 6.3777 -1.02647 0.919062 0.533813 0.999947 0.01034 -0
5.31871 6.21092 -5.12882 0.495237 0.55108 0.999947 0.010348 -0
5.31698 6.3777 -5.12882 0.495237 0.533846 0.999947 0.010348 -0
5.31871 6.21092 -1.02647 0.919062 0.551046 0.999947 0.010341 -0
0.602614 6.1302 -1.44116 0.912128 0.028742 -0.087656 0.003824 0.996144
5.31871 6.21092 -1.02647 0.972065 0.514248 -0.087577 -0.000816 0.996158
5.31699 6.3777 -1.02647 0.954977 0.516475 -0.087575 -0.000907 0.996158
0.595653 5.97508 -1.44116 0.9279 0.025798 -0.087657 0.003934 0.996143
5.31871 6.21092 -1.02647 0.972065 0.514248 -0.087577 -0.000816 0.996158
0.602614 6.1302 -1.44116 0.912128 0.028742 -0.087656 0.003824 0.996144
0.595653 5.97508 -4.7222 0.537222 0.00290298 -0.998994 0.044836 -0
0.602614 6.1302 -1.44116 0.876213 0.018933 -0.998994 0.044836 -0
0.602614 6.1302 -4.7222 0.537224 0.018947 -0.998994 0.044836 -0
0.595653 5.97508 -1.44116 0.876211 0.00288999 -0.998994 0.044836 -0
0.602614 6.1302 -1.44116 0.876213 0.018933 -0.998994 0.044836 -0
0.595653 5.97508 -4.7222 0.537222 0.00290298 -0.998994 0.044836 -0
0.602614 6.1302 -1.44116 0.876213 0.028742 -0.052425 0.998625 -0
5.31698 6.3777 -5.12882 0.495237 0.516508 -0.052425 0.998625 -0
0.602614 6.1302 -4.7222 0.537224 0.028755 -0.052425 0.998625 -0
5.31699 6.3777 -1.02647 0.919062 0.516475 -0.052425 0.998625 -0
5.31698 6.3777 -5.12882 0.495237 0.516508 -0.052425 0.998625 -0
0.602614 6.1302 -1.44116 0.876213 0.028742 -0.052425 0.998625 -0
0.202635 8.64526 -4.55518 0.491221 0.724161 0.963127 0.269047 -0
0.319892 8.22551 -3.77537 0.450759 0.787824 0.963127 0.269046 -0
0.319892 8.22551 -4.55518 0.45111 0.723923 0.963127 0.269047 -0
0.184242 8.71111 -3.77537 0.497059 0.78804 0.963127 0.269047 -0
0.319892 8.22551 -3.77537 0.450759 0.787824 0.963127 0.269046 -0
0.202635 8.64526 -4.55518 0.491221 0.724161 0.963127 0.269047 -0
0.100898 8.61684 -4.55518 0.377581 0.723702 -0.963127 -0.269047 -0
0.218155 8.19709 -3.77537 0.417322 0.787787 -0.963127 -0.269047 -0
0.082504 8.68269 -3.77537 0.370977 0.787628 -0.963127 -0.269047 -0
0.218155 8.19709 -4.55518 0.417668 0.723878 -0.963127 -0.269047 -0
0.218155 8.19709 -3.77537 0.417322 0.787787 -0.963127 -0.269047 -0
0.100898 8.61684 -4.55518 0.377581 0.723702 -0.963127 -0.269047 -0
0.319892 8.22551 -4.55518 0.438806 0.723923 0.269042 -0.963128 -0
0.218155 8.19709 -3.77537 0.428748 0.787787 0.269043 -0.963128 -0
0.218155 8.19709 -4.55518 0.429093 0.723878 0.269042 -0.963128 -0
0.319892 8.22551 -3.77537 0.438455 0.787824 0.269043 -0.963128 -0
0.218155 8.19709 -3.77537 0.428748 0.787787 0.269043 -0.963128 -0
0.319892 8.22551 -4.55518 0.438806 0.723923 0.269042 -0.963128 -0
0.184242 8.71111 -3.77537 0.508485 0.78804 -0.268329 0.960541 -0.073213
0.100898 8.61684 -4.55518 0.512322 0.72329 -0.268023 0.959446 -0.087331
0.082504 8.68269 -3.77537 0.518175 0.787354 -0.268329 0.960541 -0.073213
0.202635 8.64526 -4.55518 0.502646 0.724161 -0.268023 0.959446 -0.087331
0.100898 8.61684 -4.55518 0.512322 0.72329 -0.268023 0.959446 -0.087331
0.184242 8.71111 -3.77537 0.508485 0.78804 -0.268329 0.960541 -0.073213
0.173895 8.74814 -3.10006 0.51168 0.849833 -0.269051 0.963126 -0
0.082504 8.68269 -3.77537 0.518175 0.787354 -0.268329 0.960541 -0.073213
0.072158 8.71972 -3.10006 0.521358 0.849835 -0.269051 0.963126 -0
0.184242 8.71111 -3.77537 0.508485 0.78804 -0.268329 0.960541 -0.073213
0.082504 8.68269 -3.77537 0.518175 0.787354 -0.268329 0.960541 -0.073213
0.173895 8.74814 -3.10006 0.51168 0.849833 -0.269051 0.963126 -0
0.082504 8.68269 -3.77537 0.370977 0.787628 -0.963127 -0.269047 -0
0.218155 8.19709 -3.10006 0.417115 0.849828 -0.963127 -0.269047 0
0.072158 8.71972 -3.10006 0.367277 0.849795 -0.963127 -0.269047 0
0.218155 8.19709 -3.77537 0.417322 0.787787 -0.963127 -0.269047 -0
0.218155 8.19709 -3.10006 0.417115 0.849828 -0.963127 -0.269047 0
0.082504 8.68269 -3.77537 0.370977 0.787628 -0.963127 -0.269047 -0
0.319892 8.22551 -3.10006 0.438238 0.849831 0.269042 -0.963128 -0
0.218155 8.19709 -3.77537 0.428748 0.787787 0.269043 -0.963128 -0
0.319892 8.22551 -3.77537 0.438455 0.787824 0.269043 -0.963128 -0
0.218155 8.19709 -3.10006 0.428541 0.849828 0.269042 -0.963128 -0
0.218155 8.19709 -3.77537 0.428748 0.787787 0.269043 -0.963128 -0
0.319892 8.22551 -3.10006 0.438238 0.849831 0.269042 -0.963128 -0
0.184242 8.71111 -3.77537 0.497059 0.78804 0.963127 0.269047 -0
0.319892 8.22551 -3.10006 0.450543 0.849831 0.963127 0.269047 -0
0.319892 8.22551 -3.77537 0.450759 0.787824 0.963127 0.269046 -0
0.173895 8.74814 -3.10006 0.500254 0.849833 0.963127 0.269047 -0
0.319892 8.22551 -3.10006 0.450543 0.849831 0.963127 0.269047 -0
0.184242 8.71111 -3.77537 0.497059 0.78804 0.963127 0.269047 -0
0.202635 8.64526 -1.70541 0.491321 0.977689 0.963127 0.269047 0
0.319892 8.22551 -2.42476 0.450708 0.911872 0.963127 0.269047 0
0.184242 8.71111 -2.42476 0.497032 0.911619 0.963127 0.269047 0
0.319892 8.22551 -1.70541 0.451252 0.977994 0.963127 0.269047 -0
0.319892 8.22551 -2.42476 0.450708 0.911872 0.963127 0.269047 0
0.202635 8.64526 -1.70541 0.491321 0.977689 0.963127 0.269047 0
0.218155 8.19709 -2.42476 0.417266 0.911916 -0.963127 -0.269047 0
0.100898 8.61684 -1.70541 0.377224 0.978018 -0.963127 -0.269047 0
0.082504 8.68269 -2.42476 0.370907 0.911929 -0.963127 -0.269047 0
0.218155 8.19709 -1.70541 0.417542 0.97804 -0.963127 -0.269047 -0
0.100898 8.61684 -1.70541 0.377224 0.978018 -0.963127 -0.269047 0
0.218155 8.19709 -2.42476 0.417266 0.911916 -0.963127 -0.269047 0
0.218155 8.19709 -2.42476 0.428692 0.911916 0.269043 -0.963128 -0
0.319892 8.22551 -1.70541 0.438947 0.977994 0.269043 -0.963128 -0
0.218155 8.19709 -1.70541 0.428967 0.97804 0.269043 -0.963128 -0
0.319892 8.22551 -2.42476 0.438404 0.911872 0.269043 -0.963128 -0
0.319892 8.22551 -1.70541 0.438947 0.977994 0.269043 -0.963128 -0
0.218155 8.19709 -2.42476 0.428692 0.911916 0.269043 -0.963128 -0
0.100898 8.61684 -1.70541 0.512425 0.97852 -0.267844 0.958806 0.09461
0.184242 8.71111 -2.42476 0.508457 0.911619 -0.268265 0.960313 0.076369
0.082504 8.68269 -2.42476 0.518149 0.912284 -0.268265 0.960313 0.076369
0.202635 8.64526 -1.70541 0.502747 0.977689 -0.267844 0.958806 0.09461
0.184242 8.71111 -2.42476 0.508457 0.911619 -0.268265 0.960313 0.076369
0.100898 8.61684 -1.70541 0.512425 0.97852 -0.267844 0.958806 0.09461
0.082504 8.68269 -2.42476 0.518149 0.912284 -0.268265 0.960313 0.076369
0.173895 8.74814 -3.10006 0.51168 0.849833 -0.269051 0.963126 -0
0.072158 8.71972 -3.10006 0.521358 0.849835 -0.269051 0.963126 -0
0.184242 8.71111 -2.42476 0.508457 0.911619 -0.268265 0.960313 0.076369
0.173895 8.74814 -3.10006 0.51168 0.849833 -0.269051 0.963126 -0
0.082504 8.68269 -2.42476 0.518149 0.912284 -0.268265 0.960313 0.076369
0.218155 8.19709 -3.10006 0.417115 0.849828 -0.963127 -0.269047 0
0.082504 8.68269 -2.42476 0.370907 0.911929 -0.963127 -0.269047 0
0.072158 8.71972 -3.10006 0.367277 0.849795 -0.963127 -0.269047 0
0.218155 8.19709 -2.42476 0.417266 0.911916 -0.963127 -0.269047 0
0.082504 8.68269 -2.42476 0.370907 0.911929 -0.963127 -0.269047 0
0.218155 8.19709 -3.10006 0.417115 0.849828 -0.963127 -0.269047 0
0.218155 8.19709 -2.42476 0.428692 0.911916 0.269043 -0.963128 -0
0.319892 8.22551 -3.10006 0.438238 0.849831 0.269042 -0.963128 -0
0.319892 8.22551 -2.42476 0.438404 0.911872 0.269043 -0.963128 -0
0.218155 8.19709 -3.10006 0.428541 0.849828 0.269042 -0.963128 -0
0.319892 8.22551 -3.10006 0.438238 0.849831 0.269042 -0.963128 -0
0.218155 8.19709 -2.42476 0.428692 0.911916 0.269043 -0.963128 -0
0.184242 8.71111 -2.42476 0.497032 0.911619 0.963127 0.269047 0
0.319892 8.22551 -3.10006 0.450543 0.849831 0.963127 0.269047 -0
0.173895 8.74814 -3.10006 0.500254 0.849833 0.963127 0.269047 -0
0.319892 8.22551 -2.42476 0.450708 0.911872 0.963127 0.269047 0
0.319892 8.22551 -3.10006 0.450543 0.849831 0.963127 0.269047 -0
0.184242 8.71111 -2.42476 0.497032 0.911619 0.963127 0.269047 0
-0.046008 9.83016 -4.57959 0.685106 0.724414 0.963127 0.269046 0
0.071249 9.4104 -3.77537 0.644691 0.788403 0.963127 0.269046 -0
0.071249 9.4104 -4.57959 0.644342 0.724605 0.963127 0.269046 1e-006
-0.064401 9.896 -3.77537 0.691822 0.788219 0.963127 0.269047 -0
0.071249 9.4104 -3.77537 0.644691 0.788403 0.963127 0.269046 -0
-0.046008 9.83016 -4.57959 0.685106 0.724414 0.963127 0.269046 0
-0.147745 9.80174 -4.57959 0.565501 0.724902 -0.963127 -0.269047 -0
-0.030488 9.38198 -3.77537 0.606644 0.788443 -0.963127 -0.269047 -0
-0.166138 9.86758 -3.77537 0.559545 0.7887 -0.963127 -0.269047 -1e-006
-0.030488 9.38198 -4.57959 0.60629 0.724656 -0.963127 -0.269047 -0
-0.030488 9.38198 -3.77537 0.606644 0.788443 -0.963127 -0.269047 -0
-0.147745 9.80174 -4.57959 0.565501 0.724902 -0.963127 -0.269047 -0
0.071249 9.4104 -3.77537 0.631688 0.788403 0.269043 -0.963128 -0
-0.030488 9.38198 -4.57959 0.62146 0.724656 0.269043 -0.963128 -0
0.071249 9.4104 -4.57959 0.631339 0.724605 0.269043 -0.963128 -0
-0.030488 9.38198 -3.77537 0.621814 0.788443 0.269043 -0.963128 -0
-0.030488 9.38198 -4.57959 0.62146 0.724656 0.269043 -0.963128 -0
0.071249 9.4104 -3.77537 0.631688 0.788403 0.269043 -0.963128 -0
-0.046008 9.83016 -4.57959 0.544835 0.723996 -0.268084 0.959665 -0.0847
-0.166138 9.86758 -3.77537 0.548709 0.7887 -0.268352 0.960626 -0.072011
-0.064401 9.896 -3.77537 0.538867 0.787999 -0.268353 0.960625 -0.072011
-0.147745 9.80174 -4.57959 0.554666 0.724902 -0.268084 0.959665 -0.084699
-0.166138 9.86758 -3.77537 0.548709 0.7887 -0.268352 0.960626 -0.072011
-0.046008 9.83016 -4.57959 0.544835 0.723996 -0.268084 0.959665 -0.0847
-0.064401 9.896 -3.77537 0.538867 0.787999 -0.268353 0.960625 -0.072011
-0.176484 9.90462 -3.10006 0.54551 0.851597 -0.269051 0.963126 -0
-0.074747 9.93304 -3.10006 0.535622 0.851613 -0.269051 0.963126 -0
-0.166138 9.86758 -3.77537 0.548709 0.7887 -0.268352 0.960626 -0.072011
-0.176484 9.90462 -3.10006 0.54551 0.851597 -0.269051 0.963126 -0
-0.064401 9.896 -3.77537 0.538867 0.787999 -0.268353 0.960625 -0.072011
-0.166138 9.86758 -3.77537 0.559545 0.7887 -0.963127 -0.269047 -1e-006
-0.030488 9.38198 -3.10006 0.606907 0.851508 -0.963127 -0.269047 0
-0.176484 9.90462 -3.10006 0.556345 0.851597 -0.963127 -0.269047 0
-0.030488 9.38198 -3.77537 0.606644 0.788443 -0.963127 -0.269047 -0
-0.030488 9.38198 -3.10006 0.606907 0.851508 -0.963127 -0.269047 0
-0.166138 9.86758 -3.77537 0.559545 0.7887 -0.963127 -0.269047 -1e-006
-0.030488 9.38198 -3.10006 0.622077 0.851508 0.269042 -0.963128 -0
0.071249 9.4104 -3.77537 0.631688 0.788403 0.269043 -0.963128 -0
0.071249 9.4104 -3.10006 0.631944 0.851492 0.269042 -0.963128 -0
-0.030488 9.38198 -3.77537 0.621814 0.788443 0.269043 -0.963128 -0
0.071249 9.4104 -3.77537 0.631688 0.788403 0.269043 -0.963128 -0
-0.030488 9.38198 -3.10006 0.622077 0.851508 0.269042 -0.963128 -0
-0.064401 9.896 -3.77537 0.691822 0.788219 0.963127 0.269047 -0
0.071249 9.4104 -3.10006 0.644947 0.851492 0.963127 0.269047 0
0.071249 9.4104 -3.77537 0.644691 0.788403 0.963127 0.269046 -0
-0.074747 9.93304 -3.10006 0.695639 0.851403 0.963127 0.269047 1e-006
0.071249 9.4104 -3.10006 0.644947 0.851492 0.963127 0.269047 0
-0.064401 9.896 -3.77537 0.691822 0.788219 0.963127 0.269047 -0
-0.046008 9.83016 -1.72256 0.685545 0.980253 0.963127 0.269046 -0
0.071249 9.4104 -2.42476 0.64491 0.914578 0.963127 0.269046 0
-0.064401 9.896 -2.42476 0.692043 0.914598 0.963127 0.269047 0
0.071249 9.4104 -1.72256 0.644789 0.980203 0.963127 0.269046 -1e-006
0.071249 9.4104 -2.42476 0.64491 0.914578 0.963127 0.269046 0
-0.046008 9.83016 -1.72256 0.685545 0.980253 0.963127 0.269046 -0
-0.030488 9.38198 -2.42476 0.606868 0.914571 -0.963127 -0.269047 0
-0.147745 9.80174 -1.72256 0.565961 0.980091 -0.963127 -0.269047 1e-006
-0.166138 9.86758 -2.42476 0.55976 0.914487 -0.963127 -0.269047 1e-006
-0.030488 9.38198 -1.72256 0.606737 0.980187 -0.963127 -0.269047 -0
-0.147745 9.80174 -1.72256 0.565961 0.980091 -0.963127 -0.269047 1e-006
-0.030488 9.38198 -2.42476 0.606868 0.914571 -0.963127 -0.269047 0
0.071249 9.4104 -2.42476 0.631907 0.914578 0.269043 -0.963128 0
-0.030488 9.38198 -1.72256 0.621907 0.980187 0.269043 -0.963128 0
-0.030488 9.38198 -2.42476 0.622038 0.914571 0.269043 -0.963128 -0
0.071249 9.4104 -1.72256 0.631786 0.980203 0.269043 -0.963128 0
-0.030488 9.38198 -1.72256 0.621907 0.980187 0.269043 -0.963128 0
0.071249 9.4104 -2.42476 0.631907 0.914578 0.269043 -0.963128 0
-0.046008 9.83016 -1.72256 0.545296 0.981009 -0.267785 0.958594 0.096898
-0.166138 9.86758 -2.42476 0.548924 0.914487 -0.268245 0.960243 0.077314
-0.147745 9.80174 -1.72256 0.555125 0.980091 -0.267785 0.958594 0.096898
-0.064401 9.896 -2.42476 0.539089 0.915208 -0.268245 0.960243 0.077314
-0.166138 9.86758 -2.42476 0.548924 0.914487 -0.268245 0.960243 0.077314
-0.046008 9.83016 -1.72256 0.545296 0.981009 -0.267785 0.958594 0.096898
-0.064401 9.896 -2.42476 0.539089 0.915208 -0.268245 0.960243 0.077314
-0.176484 9.90462 -3.10006 0.54551 0.851597 -0.269051 0.963126 -0
-0.166138 9.86758 -2.42476 0.548924 0.914487 -0.268245 0.960243 0.077314
-0.074747 9.93304 -3.10006 0.535622 0.851613 -0.269051 0.963126 -0
-0.176484 9.90462 -3.10006 0.54551 0.851597 -0.269051 0.963126 -0
-0.064401 9.896 -2.42476 0.539089 0.915208 -0.268245 0.960243 0.077314
-0.030488 9.38198 -3.10006 0.606907 0.851508 -0.963127 -0.269047 -0
-0.166138 9.86758 -2.42476 0.55976 0.914487 -0.963127 -0.269047 1e-006
-0.176484 9.90462 -3.10006 0.556345 0.851597 -0.963127 -0.269047 -0
-0.030488 9.38198 -2.42476 0.606868 0.914571 -0.963127 -0.269047 0
-0.166138 9.86758 -2.42476 0.55976 0.914487 -0.963127 -0.269047 1e-006
-0.030488 9.38198 -3.10006 0.606907 0.851508 -0.963127 -0.269047 -0
-0.030488 9.38198 -3.10006 0.622077 0.851508 0.269043 -0.963128 -0
0.071249 9.4104 -2.42476 0.631907 0.914578 0.269043 -0.963128 0
-0.030488 9.38198 -2.42476 0.622038 0.914571 0.269043 -0.963128 -0
0.071249 9.4104 -3.10006 0.631944 0.851492 0.269043 -0.963128 -0
0.071249 9.4104 -2.42476 0.631907 0.914578 0.269043 -0.963128 0
-0.030488 9.38198 -3.10006 0.622077 0.851508 0.269043 -0.963128 -0
-0.064401 9.896 -2.42476 0.692043 0.914598 0.963127 0.269047 0
0.071249 9.4104 -3.10006 0.644947 0.851492 0.963127 0.269047 -0
-0.074747 9.93304 -3.10006 0.695639 0.851403 0.963127 0.269047 -1e-006
0.071249 9.4104 -2.42476 0.64491 0.914578 0.963127 0.269046 0
0.071249 9.4104 -3.10006 0.644947 0.851492 0.963127 0.269047 -0
-0.064401 9.896 -2.42476 0.692043 0.914598 0.963127 0.269047 0
-0.317428 11.0326 -1.70541 0.400402 0.706529 0.963127 0.269046 0
-0.200171 10.6129 -2.42476 0.467575 0.666996 0.963127 0.269046 0
-0.335821 11.0985 -2.42476 0.467059 0.71374 0.963127 0.269047 0
-0.200171 10.6129 -1.70541 0.40091 0.666115 0.963127 0.269046 -0
-0.200171 10.6129 -2.42476 0.467575 0.666996 0.963127 0.269046 0
-0.317428 11.0326 -1.70541 0.400402 0.706529 0.963127 0.269046 0
-0.301908 10.5845 -2.42476 0.467686 0.640657 -0.963127 -0.269047 -0
-0.419165 11.0042 -1.70541 0.401569 0.599352 -0.963127 -0.269047 -1e-006
-0.437558 11.0701 -2.42476 0.468251 0.593956 -0.963127 -0.269047 -1e-006
-0.301908 10.5845 -1.70541 0.401029 0.639772 -0.963127 -0.269047 -0
-0.419165 11.0042 -1.70541 0.401569 0.599352 -0.963127 -0.269047 -1e-006
-0.301908 10.5845 -2.42476 0.467686 0.640657 -0.963127 -0.269047 -0
-0.200171 10.6129 -1.70541 0.40091 0.657481 0.269043 -0.963128 -0
-0.301908 10.5845 -2.42476 0.467686 0.648572 0.269043 -0.963128 -0
-0.200171 10.6129 -2.42476 0.467575 0.658362 0.269043 -0.963128 -0
-0.301908 10.5845 -1.70541 0.401029 0.647687 0.269043 -0.963128 -0
-0.301908 10.5845 -2.42476 0.467686 0.648572 0.269043 -0.963128 -0
-0.200171 10.6129 -1.70541 0.40091 0.657481 0.269043 -0.963128 -0
-0.437558 11.0701 -2.42476 0.468251 0.582584 -0.268265 0.960313 0.076368
-0.317428 11.0326 -1.70541 0.400787 0.578223 -0.267844 0.958806 0.094612
-0.335821 11.0985 -2.42476 0.467639 0.572821 -0.268265 0.960313 0.076367
-0.419165 11.0042 -1.70541 0.401569 0.58798 -0.267844 0.958806 0.094612
-0.317428 11.0326 -1.70541 0.400787 0.578223 -0.267844 0.958806 0.094612
-0.437558 11.0701 -2.42476 0.468251 0.582584 -0.268265 0.960313 0.076368
-0.301908 10.5845 -3.10006 0.530215 0.641329 -0.963127 -0.269047 -0
-0.437558 11.0701 -2.42476 0.468251 0.593956 -0.963127 -0.269047 -1e-006
-0.447904 11.1071 -3.10006 0.530595 0.591199 -0.963127 -0.269047 -0
-0.301908 10.5845 -2.42476 0.467686 0.640657 -0.963127 -0.269047 -0
-0.437558 11.0701 -2.42476 0.468251 0.593956 -0.963127 -0.269047 -1e-006
-0.301908 10.5845 -3.10006 0.530215 0.641329 -0.963127 -0.269047 -0
-0.419165 11.0042 -4.54562 0.654885 0.589841 -0.267997 0.959354 -0.088411
-0.335821 11.0985 -3.77537 0.593655 0.573763 -0.26832 0.960507 -0.073692
-0.317428 11.0326 -4.54562 0.655859 0.580098 -0.267997 0.959354 -0.088411
-0.437558 11.0701 -3.77537 0.592879 0.583514 -0.26832 0.960507 -0.073692
-0.335821 11.0985 -3.77537 0.593655 0.573763 -0.26832 0.960507 -0.073692
-0.419165 11.0042 -4.54562 0.654885 0.589841 -0.267997 0.959354 -0.088411
-0.317428 11.0326 -4.54562 0.654716 0.708446 0.963127 0.269046 -0
-0.200171 10.6129 -3.77537 0.592734 0.66792 0.963127 0.269046 -0
-0.200171 10.6129 -4.54562 0.654823 0.668007 0.963127 0.269046 -0
-0.335821 11.0985 -3.77537 0.592536 0.714674 0.963127 0.269047 -0
-0.200171 10.6129 -3.77537 0.592734 0.66792 0.963127 0.269046 -0
-0.317428 11.0326 -4.54562 0.654716 0.708446 0.963127 0.269046 -0
-0.419165 11.0042 -4.54562 0.654885 0.601214 -0.963127 -0.269047 0
-0.301908 10.5845 -3.77537 0.592766 0.641582 -0.963127 -0.269047 0
-0.437558 11.0701 -3.77537 0.592879 0.594886 -0.963127 -0.269047 0
-0.301908 10.5845 -4.54562 0.654829 0.641662 -0.963127 -0.269047 -0
-0.301908 10.5845 -3.77537 0.592766 0.641582 -0.963127 -0.269047 0
-0.419165 11.0042 -4.54562 0.654885 0.601214 -0.963127 -0.269047 0
-0.346167 11.1355 -3.10006 0.530666 0.570025 -0.269051 0.963126 -0
-0.437558 11.0701 -3.77537 0.592879 0.583514 -0.26832 0.960507 -0.073692
-0.447904 11.1071 -3.10006 0.530595 0.579827 -0.269051 0.963126 -0
-0.335821 11.0985 -3.77537 0.593655 0.573763 -0.26832 0.960507 -0.073692
-0.437558 11.0701 -3.77537 0.592879 0.583514 -0.26832 0.960507 -0.073692
-0.346167 11.1355 -3.10006 0.530666 0.570025 -0.269051 0.963126 -0
-0.437558 11.0701 -3.77537 0.592879 0.594886 -0.963127 -0.269047 0
-0.301908 10.5845 -3.10006 0.530215 0.641329 -0.963127 -0.269047 -0
-0.447904 11.1071 -3.10006 0.530595 0.591199 -0.963127 -0.269047 -0
-0.301908 10.5845 -3.77537 0.592766 0.641582 -0.963127 -0.269047 0
-0.301908 10.5845 -3.10006 0.530215 0.641329 -0.963127 -0.269047 -0
-0.437558 11.0701 -3.77537 0.592879 0.594886 -0.963127 -0.269047 0
-0.335821 11.0985 -3.77537 0.592536 0.714674 0.963127 0.269047 -0
-0.200171 10.6129 -3.10006 0.530143 0.667664 0.963127 0.269047 -0
-0.200171 10.6129 -3.77537 0.592734 0.66792 0.963127 0.269046 -0
-0.346167 11.1355 -3.10006 0.529773 0.717943 0.963127 0.269047 -0
-0.200171 10.6129 -3.10006 0.530143 0.667664 0.963127 0.269047 -0
-0.335821 11.0985 -3.77537 0.592536 0.714674 0.963127 0.269047 -0
-0.437558 11.0701 -2.42476 0.468251 0.582584 -0.268265 0.960313 0.076368
-0.346167 11.1355 -3.10006 0.530666 0.570025 -0.269051 0.963126 -0
-0.447904 11.1071 -3.10006 0.530595 0.579827 -0.269051 0.963126 -0
-0.335821 11.0985 -2.42476 0.467639 0.572821 -0.268265 0.960313 0.076367
-0.346167 11.1355 -3.10006 0.530666 0.570025 -0.269051 0.963126 -0
-0.437558 11.0701 -2.42476 0.468251 0.582584 -0.268265 0.960313 0.076368
-0.335821 11.0985 -2.42476 0.467059 0.71374 0.963127 0.269047 0
-0.200171 10.6129 -3.10006 0.530143 0.667664 0.963127 0.269047 -0
-0.346167 11.1355 -3.10006 0.529773 0.717943 0.963127 0.269047 -0
-0.200171 10.6129 -2.42476 0.467575 0.666996 0.963127 0.269046 0
-0.200171 10.6129 -3.10006 0.530143 0.667664 0.963127 0.269047 -0
-0.335821 11.0985 -2.42476 0.467059 0.71374 0.963127 0.269047 0
-0.200171 10.6129 -2.42476 0.467575 0.658362 0.269043 -0.963128 -0
-0.301908 10.5845 -3.10006 0.530215 0.649244 0.269043 -0.963128 -0
-0.200171 10.6129 -3.10006 0.530143 0.659029 0.269043 -0.963128 -0
-0.301908 10.5845 -2.42476 0.467686 0.648572 0.269043 -0.963128 -0
-0.301908 10.5845 -3.10006 0.530215 0.649244 0.269043 -0.963128 -0
-0.200171 10.6129 -2.42476 0.467575 0.658362 0.269043 -0.963128 -0
-0.200171 10.6129 -3.77537 0.592734 0.659286 0.269043 -0.963128 -0
-0.301908 10.5845 -3.10006 0.530215 0.649244 0.269042 -0.963128 -0
-0.301908 10.5845 -3.77537 0.592766 0.649497 0.269043 -0.963128 -0
-0.200171 10.6129 -3.10006 0.530143 0.659029 0.269042 -0.963128 -0
-0.301908 10.5845 -3.10006 0.530215 0.649244 0.269042 -0.963128 -0
-0.200171 10.6129 -3.77537 0.592734 0.659286 0.269043 -0.963128 -0
-0.200171 10.6129 -4.54562 0.654823 0.659373 0.269043 -0.963128 -0
-0.301908 10.5845 -3.77537 0.592766 0.649497 0.269042 -0.963128 -0
-0.301908 10.5845 -4.54562 0.654829 0.649577 0.269043 -0.963128 -0
-0.200171 10.6129 -3.77537 0.592734 0.659286 0.269042 -0.963128 -0
-0.301908 10.5845 -3.77537 0.592766 0.649497 0.269042 -0.963128 -0
-0.200171 10.6129 -4.54562 0.654823 0.659373 0.269043 -0.963128 -0
0.91949 5.50444 -4.5536 0.145919 0.189282 -0.998756 -0.04987 -0
0.894599 6.00293 -1.6017 0.180906 0.021098 -0.998756 -0.04987 -0
0.894599 6.00293 -4.5536 0.180253 0.189387 -0.998756 -0.04987 -0
0.91949 5.50444 -1.6017 0.146569 0.020994 -0.998756 -0.04987 -0
0.894599 6.00293 -1.6017 0.180906 0.021098 -0.998756 -0.04987 -0
0.91949 5.50444 -4.5536 0.145919 0.189282 -0.998756 -0.04987 -0
0.91949 5.50444 -1.6017 0.143222 0.971771 -0.06002 -0.002997 0.998193
4.94433 6.20069 -1.3576 0.178498 0.728803 -0.06002 -0.002997 0.998193
0.894599 6.00293 -1.6017 0.177557 0.971875 -0.06002 -0.002997 0.998193
4.96922 5.7022 -1.3576 0.144164 0.728699 -0.06002 -0.002997 0.998193
4.94433 6.20069 -1.3576 0.178498 0.728803 -0.06002 -0.002997 0.998193
0.91949 5.50444 -1.6017 0.143222 0.971771 -0.06002 -0.002997 0.998193
4.96922 5.7022 -1.3576 0.144164 0.700563 0.998756 0.049869 -0
4.94433 6.20069 -4.7977 0.179311 0.49058 0.998756 0.049871 -0
4.94433 6.20069 -1.3576 0.178498 0.700667 0.998756 0.049869 -0
4.96922 5.7022 -4.7977 0.144979 0.490475 0.998756 0.049871 -0
4.94433 6.20069 -4.7977 0.179311 0.49058 0.998756 0.049871 -0
4.96922 5.7022 -1.3576 0.144164 0.700563 0.998756 0.049869 -0
4.96922 5.7022 -4.7977 0.144979 0.456712 -0.06002 -0.002997 -0.998193
0.894599 6.00293 -4.5536 0.180253 0.213771 -0.060021 -0.002997 -0.998193
4.94433 6.20069 -4.7977 0.179311 0.456817 -0.06002 -0.002997 -0.998193
0.91949 5.50444 -4.5536 0.145919 0.213666 -0.060021 -0.002997 -0.998193
0.894599 6.00293 -4.5536 0.180253 0.213771 -0.060021 -0.002997 -0.998193
4.96922 5.7022 -4.7977 0.144979 0.456712 -0.06002 -0.002997 -0.998193
5.30697 6.31667 -1.47895 0.730698 0.982772 0.999541 0.027754 0.012127
5.43388 1.60939 -1.16649 0.709626 0.56417 0.999541 0.027754 0.012127
5.43775 1.60555 -1.4764 0.737153 0.564258 0.999541 0.027754 0.012127
5.3031 6.32052 -1.16905 0.703171 0.982683 0.999541 0.027754 0.012127
5.43388 1.60939 -1.16649 0.709626 0.56417 0.999541 0.027754 0.012127
5.30697 6.31667 -1.47895 0.730698 0.982772 0.999541 0.027754 0.012127
4.95041 6.30953 -1.17331 0.832185 0.983594 -0.012096 0.000206 0.999927
5.43388 1.60939 -1.16649 0.860389 0.564914 -0.012095 0.000206 0.999927
5.3031 6.32052 -1.16905 0.863525 0.983465 -0.012096 0.000206 0.999927
5.13516 1.60009 -1.17011 0.833845 0.565023 -0.012095 0.000206 0.999927
5.43388 1.60939 -1.16649 0.860389 0.564914 -0.012095 0.000206 0.999927
4.95041 6.30953 -1.17331 0.832185 0.983594 -0.012096 0.000206 0.999927
4.95428 6.30568 -1.48321 0.793545 0.983149 -0.999159 -0.039206 -0.01198
5.13516 1.60009 -1.17011 0.822727 0.565023 -0.999159 -0.039206 -0.01198
4.95041 6.30953 -1.17331 0.821068 0.983594 -0.999159 -0.039206 -0.01198
5.13903 1.59624 -1.48001 0.795204 0.564578 -0.999159 -0.039206 -0.01198
5.13516 1.60009 -1.17011 0.822727 0.565023 -0.999159 -0.039206 -0.01198
4.95428 6.30568 -1.48321 0.793545 0.983149 -0.999159 -0.039206 -0.01198
5.30697 6.31667 -1.47895 0.747754 0.982772 0.012095 -0.000206 -0.999927
5.13903 1.59624 -1.48001 0.780752 0.564578 0.012095 -0.000206 -0.999927
4.95428 6.30568 -1.48321 0.779092 0.983149 0.012095 -0.000206 -0.999927
5.43775 1.60555 -1.4764 0.754209 0.564258 0.012095 -0.000206 -0.999927
5.13903 1.59624 -1.48001 0.780752 0.564578 0.012095 -0.000206 -0.999927
5.30697 6.31667 -1.47895 0.747754 0.982772 0.012095 -0.000206 -0.999927
0.748401 3.06534 -1.44729 0.963557 0.598125 -0.053269 0.004572 0.99857
5.16979 2.74233 -1.20995 0.994629 0.988494 -0.053585 0.000249 0.998563
5.16979 3.103 -1.20995 0.959925 0.988493 -0.053603 0 0.998562
0.71586 2.70467 -1.44729 0.998262 0.594967 -0.053252 0.004804 0.99857
5.16979 2.74233 -1.20995 0.994629 0.988494 -0.053585 0.000249 0.998563
0.748401 3.06534 -1.44729 0.963557 0.598125 -0.053269 0.004572 0.99857
0.748401 3.06534 -1.67675 0.933988 0.59641 0.053269 -0.004572 -0.99857
5.16979 2.74233 -1.43941 0.895658 0.986119 0.053585 -0.000249 -0.998563
0.71586 2.70467 -1.67675 0.899348 0.592593 0.053252 -0.004804 -0.99857
5.16979 3.103 -1.43941 0.930356 0.986778 0.053603 0 -0.998562
5.16979 2.74233 -1.43941 0.895658 0.986119 0.053585 -0.000249 -0.998563
0.748401 3.06534 -1.67675 0.933988 0.59641 0.053269 -0.004572 -0.99857
5.16979 2.74233 -1.43941 0.891286 0.986119 0.008455 -0.999964 1e-006
0.71586 2.70467 -1.44729 0.872934 0.593875 0.008455 -0.999964 0
0.71586 2.70467 -1.67675 0.894976 0.592593 0.008455 -0.999964 -0
5.16979 2.74233 -1.20995 0.869243 0.987401 0.008455 -0.999964 1e-006
0.71586 2.70467 -1.44729 0.872934 0.593875 0.008455 -0.999964 0
5.16979 2.74233 -1.43941 0.891286 0.986119 0.008455 -0.999964 1e-006
0.748401 3.06534 -1.44729 0.958487 0.598125 -0.008517 0.999964 -0
5.16979 3.103 -1.43941 0.932841 0.986778 -0.008517 0.999964 -0
0.748401 3.06534 -1.67675 0.936474 0.59641 -0.008517 0.999964 -0
5.16979 3.103 -1.20995 0.954855 0.988493 -0.008517 0.999964 -0
5.16979 3.103 -1.43941 0.932841 0.986778 -0.008517 0.999964 -0
0.748401 3.06534 -1.44729 0.958487 0.598125 -0.008517 0.999964 -0
0.962884 6.08537 -1.41441 0.347964 0.463068 0.980106 0.198474 0
0.98172 5.44863 -1.73046 0.380155 0.403757 0.998584 -0.053206 -0
0.962884 6.08537 -1.73046 0.378229 0.464847 0.980106 0.198474 -0
0.98172 5.44863 -1.41441 0.349618 0.40435 0.998584 -0.053206 -0
0.98172 5.44863 -1.73046 0.380155 0.403757 0.998584 -0.053206 -0
0.962884 6.08537 -1.41441 0.347964 0.463068 0.980106 0.198474 0
0.962884 6.08537 -1.41441 0.335063 0.463068 0 0 1
0.515507 5.44863 -1.41441 0.29289 0.405443 0 0 1
0.98172 5.44863 -1.41441 0.336716 0.40435 0 0 1
0.515507 6.08537 -1.41441 0.29249 0.467045 0 0 1
0.515507 5.44863 -1.41441 0.29289 0.405443 0 0 1
0.962884 6.08537 -1.41441 0.335063 0.463068 0 0 1
0.515507 6.08537 -1.73046 0.248968 0.466512 -0.986416 -0.164266 -0
0.515507 5.44863 -1.41441 0.279907 0.405443 -0.999837 0.018037 -0
0.515507 6.08537 -1.41441 0.279506 0.467045 -0.986416 -0.164266 -0
0.515507 5.44863 -1.73046 0.250663 0.404813 -0.999837 0.018037 -0
0.515507 5.44863 -1.41441 0.279907 0.405443 -0.999837 0.018037 -0
0.515507 6.08537 -1.73046 0.248968 0.466512 -0.986416 -0.164266 -0
0.962884 6.08537 -1.73046 0.193772 0.460715 0 -0 -1
0.515507 5.44863 -1.73046 0.237553 0.404813 -0 0 -1
0.515507 6.08537 -1.73046 0.235858 0.466512 0 -0 -1
0.98172 5.44863 -1.73046 0.193085 0.402668 0 0 -1
0.515507 5.44863 -1.73046 0.237553 0.404813 -0 0 -1
0.962884 6.08537 -1.73046 0.193772 0.460715 0 -0 -1
-0.563682 11.1427 -1.41441 0.135369 0.458412 -0.202099 0.979365 -1e-006
-0.242993 11.2089 -1.73046 0.017577 0.577933 -0.202099 0.979365 -0
-0.563682 11.1427 -1.73046 0.017577 0.458412 -0.202099 0.979365 -1e-006
-0.242993 11.2089 -1.41441 0.135369 0.577933 -0.202099 0.979365 -0
-0.242993 11.2089 -1.73046 0.017577 0.577933 -0.202099 0.979365 -0
-0.563682 11.1427 -1.41441 0.135369 0.458412 -0.202099 0.979365 -1e-006
0.515507 6.08537 -1.73046 0.235858 0.466512 0 -0 -1
0.353026 8.55325 -1.73046 0.197479 0.702978 0 -0 -1
0.962884 6.08537 -1.73046 0.193772 0.460715 0 -0 -1
-0.0015 8.55325 -1.73046 0.230296 0.710977 0 0 -1
0.353026 8.55325 -1.73046 0.197479 0.702978 0 -0 -1
0.515507 6.08537 -1.73046 0.235858 0.466512 0 -0 -1
0.353026 8.55325 -1.73046 0.362822 0.707316 0.973403 0.2291 0
0.962884 6.08537 -1.41441 0.347964 0.463068 0.980106 0.198474 0
0.962884 6.08537 -1.73046 0.378229 0.464847 0.980106 0.198474 -0
0.353026 8.55325 -1.41441 0.332656 0.705713 0.973403 0.2291 0
0.962884 6.08537 -1.41441 0.347964 0.463068 0.980106 0.198474 0
0.353026 8.55325 -1.73046 0.362822 0.707316 0.973403 0.2291 0
0.353026 8.55325 -1.41441 0.319754 0.705713 0 0 1
0.515507 6.08537 -1.41441 0.29249 0.467045 0 0 1
0.962884 6.08537 -1.41441 0.335063 0.463068 0 0 1
-0.0015 8.55325 -1.41441 0.286496 0.71183 0 0 1
0.515507 6.08537 -1.41441 0.29249 0.467045 0 0 1
0.353026 8.55325 -1.41441 0.319754 0.705713 0 0 1
-0.0015 8.55325 -1.41441 0.273513 0.71183 -0.977982 -0.208691 -0
0.515507 6.08537 -1.73046 0.248968 0.466512 -0.986416 -0.164266 -0
0.515507 6.08537 -1.41441 0.279506 0.467045 -0.986416 -0.164266 -0
-0.0015 8.55325 -1.73046 0.243407 0.710977 -0.977982 -0.208691 0
0.515507 6.08537 -1.73046 0.248968 0.466512 -0.986416 -0.164266 -0
-0.0015 8.55325 -1.41441 0.273513 0.71183 -0.977982 -0.208691 -0
-0.0015 8.55325 -1.73046 0.230296 0.710977 0 0 -1
-0.242993 11.2089 -1.73046 0.190696 0.963865 0 0 -1
0.353026 8.55325 -1.73046 0.197479 0.702978 0 -0 -1
-0.563682 11.1427 -1.73046 0.221908 0.965168 0 0 -1
-0.242993 11.2089 -1.73046 0.190696 0.963865 0 0 -1
-0.0015 8.55325 -1.73046 0.230296 0.710977 0 0 -1
-0.242993 11.2089 -1.73046 0.352495 0.968094 0.975728 0.218985 -0
0.353026 8.55325 -1.41441 0.332656 0.705713 0.973403 0.2291 0
0.353026 8.55325 -1.73046 0.362822 0.707316 0.973403 0.2291 0
-0.242993 11.2089 -1.41441 0.322375 0.96685 0.975728 0.218985 -0
0.353026 8.55325 -1.41441 0.332656 0.705713 0.973403 0.2291 0
-0.242993 11.2089 -1.73046 0.352495 0.968094 0.975728 0.218985 -0
-0.242993 11.2089 -1.41441 0.309473 0.96685 0 0 1
-0.0015 8.55325 -1.41441 0.286496 0.71183 0 0 1
0.353026 8.55325 -1.41441 0.319754 0.705713 0 0 1
-0.563682 11.1427 -1.41441 0.278191 0.966139 0 0 1
-0.0015 8.55325 -1.41441 0.286496 0.71183 0 0 1
-0.242993 11.2089 -1.41441 0.309473 0.96685 0 0 1
-0.563682 11.1427 -1.41441 0.265208 0.966139 -0.977235 -0.212158 1e-006
-0.0015 8.55325 -1.73046 0.243407 0.710977 -0.977982 -0.208691 0
-0.0015 8.55325 -1.41441 0.273513 0.71183 -0.977982 -0.208691 -0
-0.563682 11.1427 -1.73046 0.235019 0.965168 -0.977235 -0.212158 1e-006
-0.0015 8.55325 -1.73046 0.243407 0.710977 -0.977982 -0.208691 0
-0.563682 11.1427 -1.41441 0.265208 0.966139 -0.977235 -0.212158 1e-006
0.854924 4.05915 -1.73046 0.203287 0.27334 -0 0 -1
0.515507 5.44863 -1.73046 0.237553 0.404813 -0 0 -1
0.98172 5.44863 -1.73046 0.193085 0.402668 0 0 -1
0.478881 4.05509 -1.73046 0.239019 0.271809 -0 0 -1
0.515507 5.44863 -1.73046 0.237553 0.404813 -0 0 -1
0.854924 4.05915 -1.73046 0.203287 0.27334 -0 0 -1
0.478881 4.05509 -1.73046 0.25213 0.271809 -0.999208 0.039792 -0
0.515507 5.44863 -1.41441 0.279907 0.405443 -0.999837 0.018037 -0
0.515507 5.44863 -1.73046 0.250663 0.404813 -0.999837 0.018037 -0
0.478881 4.05509 -1.41441 0.282128 0.27202 -0.999208 0.039792 -0
0.515507 5.44863 -1.41441 0.279907 0.405443 -0.999837 0.018037 -0
0.478881 4.05509 -1.73046 0.25213 0.271809 -0.999208 0.039792 -0
0.515507 5.44863 -1.41441 0.29289 0.405443 0 0 1
0.854924 4.05915 -1.41441 0.330709 0.273972 1e-006 0 1
0.98172 5.44863 -1.41441 0.336716 0.40435 0 0 1
0.478881 4.05509 -1.41441 0.295111 0.27202 1e-006 0 1
0.854924 4.05915 -1.41441 0.330709 0.273972 1e-006 0 1
0.515507 5.44863 -1.41441 0.29289 0.405443 0 0 1
0.854924 4.05915 -1.41441 0.343611 0.273972 0.995862 -0.090877 -0
0.98172 5.44863 -1.73046 0.380155 0.403757 0.998584 -0.053206 -0
0.98172 5.44863 -1.41441 0.349618 0.40435 0.998584 -0.053206 -0
0.854924 4.05915 -1.73046 0.373706 0.272719 0.995862 -0.090877 -0
0.98172 5.44863 -1.73046 0.380155 0.403757 0.998584 -0.053206 -0
0.854924 4.05915 -1.41441 0.343611 0.273972 0.995862 -0.090877 -0
0.351211 1.6084 -1.73046 0.251224 0.039682 -0.998714 0.050701 0
0.403931 2.64687 -1.41441 0.28228 0.138172 -0.998641 0.05211 -0
0.403931 2.64687 -1.73046 0.252212 0.138297 -0.998641 0.05211 -0
0.351211 1.6084 -1.41441 0.281195 0.039403 -0.998714 0.050701 0
0.403931 2.64687 -1.41441 0.28228 0.138172 -0.998641 0.05211 -0
0.351211 1.6084 -1.73046 0.251224 0.039682 -0.998714 0.050701 0
0.658937 1.6196 -1.73046 0.208899 0.042597 0 0 -1
0.403931 2.64687 -1.73046 0.239101 0.138297 0 -0 -1
0.726792 2.65503 -1.73046 0.2084 0.140745 0 -0 -1
0.351211 1.6084 -1.73046 0.238113 0.039682 0 0 -1
0.403931 2.64687 -1.73046 0.239101 0.138297 0 -0 -1
0.658937 1.6196 -1.73046 0.208899 0.042597 0 0 -1
0.658937 1.6196 -1.41441 0.336178 0.041694 0.99786 -0.065392 -0
0.726792 2.65503 -1.73046 0.368802 0.139365 0.996789 -0.080079 -0
0.726792 2.65503 -1.41441 0.338757 0.140359 0.996789 -0.080079 -0
0.658937 1.6196 -1.73046 0.366219 0.040908 0.99786 -0.065392 -0
0.726792 2.65503 -1.73046 0.368802 0.139365 0.996789 -0.080079 -0
0.658937 1.6196 -1.41441 0.336178 0.041694 0.99786 -0.065392 -0
0.403931 2.64687 -1.41441 0.295263 0.138172 -0 -0 1
0.658937 1.6196 -1.41441 0.323276 0.041694 -0 0 1
0.726792 2.65503 -1.41441 0.325855 0.140359 0 -0 1
0.351211 1.6084 -1.41441 0.294179 0.039403 0 0 1
0.658937 1.6196 -1.41441 0.323276 0.041694 -0 0 1
0.403931 2.64687 -1.41441 0.295263 0.138172 -0 -0 1
0.403931 2.64687 -1.73046 0.252212 0.138297 -0.998641 0.05211 -0
0.478881 4.05509 -1.41441 0.282128 0.27202 -0.999208 0.039792 -0
0.478881 4.05509 -1.73046 0.25213 0.271809 -0.999208 0.039792 -0
0.403931 2.64687 -1.41441 0.28228 0.138172 -0.998641 0.05211 -0
0.478881 4.05509 -1.41441 0.282128 0.27202 -0.999208 0.039792 -0
0.403931 2.64687 -1.73046 0.252212 0.138297 -0.998641 0.05211 -0
0.726792 2.65503 -1.73046 0.2084 0.140745 0 -0 -1
0.478881 4.05509 -1.73046 0.239019 0.271809 -0 0 -1
0.854924 4.05915 -1.73046 0.203287 0.27334 -0 0 -1
0.403931 2.64687 -1.73046 0.239101 0.138297 0 -0 -1
0.478881 4.05509 -1.73046 0.239019 0.271809 -0 0 -1
0.726792 2.65503 -1.73046 0.2084 0.140745 0 -0 -1
0.726792 2.65503 -1.41441 0.338757 0.140359 0.996789 -0.080079 -0
0.854924 4.05915 -1.73046 0.373706 0.272719 0.995862 -0.090877 -0
0.854924 4.05915 -1.41441 0.343611 0.273972 0.995862 -0.090877 -0
0.726792 2.65503 -1.73046 0.368802 0.139365 0.996789 -0.080079 -0
0.854924 4.05915 -1.73046 0.373706 0.272719 0.995862 -0.090877 -0
0.726792 2.65503 -1.41441 0.338757 0.140359 0.996789 -0.080079 -0
0.478881 4.05509 -1.41441 0.295111 0.27202 1e-006 0 1
0.726792 2.65503 -1.41441 0.325855 0.140359 0 -0 1
0.854924 4.05915 -1.41441 0.330709 0.273972 1e-006 0 1
0.403931 2.64687 -1.41441 0.295263 0.138172 -0 -0 1
0.726792 2.65503 -1.41441 0.325855 0.140359 0 -0 1
0.478881 4.05509 -1.41441 0.295111 0.27202 1e-006 0 1
5.43388 1.60939 -5.07957 0.709626 0.56417 0.999541 0.027754 -0.012127
5.30697 6.31667 -4.76712 0.730698 0.982772 0.999541 0.027754 -0.012127
5.43775 1.60555 -4.76967 0.737153 0.564258 0.999541 0.027754 -0.012127
5.43388 1.60939 -5.07957 0.709626 0.56417 0.999541 0.027754 -0.012127
5.3031 6.32052 -5.07701 0.703171 0.982683 0.999541 0.027754 -0.012127
5.30697 6.31667 -4.76712 0.730698 0.982772 0.999541 0.027754 -0.012127
5.43388 1.60939 -5.07957 0.860389 0.564914 -0.012095 0.000206 -0.999927
4.95041 6.30953 -5.07275 0.832185 0.983594 -0.012096 0.000206 -0.999927
5.3031 6.32052 -5.07701 0.863525 0.983465 -0.012096 0.000206 -0.999927
5.43388 1.60939 -5.07957 0.860389 0.564914 -0.012095 0.000206 -0.999927
5.13516 1.60009 -5.07595 0.833845 0.565023 -0.012095 0.000206 -0.999927
4.95041 6.30953 -5.07275 0.832185 0.983594 -0.012096 0.000206 -0.999927
5.13516 1.60009 -5.07595 0.822727 0.565023 -0.999159 -0.039206 0.01198
4.95428 6.30568 -4.76285 0.793545 0.983149 -0.999159 -0.039206 0.01198
4.95041 6.30953 -5.07275 0.821068 0.983594 -0.999159 -0.039206 0.01198
5.13516 1.60009 -5.07595 0.822727 0.565023 -0.999159 -0.039206 0.01198
5.13903 1.59624 -4.76606 0.795204 0.564578 -0.999159 -0.039206 0.01198
4.95428 6.30568 -4.76285 0.793545 0.983149 -0.999159 -0.039206 0.01198
5.13903 1.59624 -4.76606 0.780752 0.564578 0.012095 -0.000206 0.999927
5.30697 6.31667 -4.76712 0.747754 0.982772 0.012095 -0.000206 0.999927
4.95428 6.30568 -4.76285 0.779092 0.983149 0.012095 -0.000206 0.999927
5.13903 1.59624 -4.76606 0.780752 0.564578 0.012095 -0.000206 0.999927
5.43775 1.60555 -4.76967 0.754209 0.564258 0.012095 -0.000206 0.999927
5.30697 6.31667 -4.76712 0.747754 0.982772 0.012095 -0.000206 0.999927
5.16979 2.74233 -5.03611 0.994629 0.988494 -0.053585 0.000249 -0.998563
0.748401 3.06534 -4.79877 0.963557 0.598125 -0.053269 0.004572 -0.99857
5.16979 3.103 -5.03611 0.959925 0.988493 -0.053603 0 -0.998562
5.16979 2.74233 -5.03611 0.994629 0.988494 -0.053585 0.000249 -0.998563
0.71586 2.70467 -4.79877 0.998262 0.594967 -0.053252 0.004804 -0.99857
0.748401 3.06534 -4.79877 0.963557 0.598125 -0.053269 0.004572 -0.99857
5.16979 2.74233 -4.80665 0.895658 0.986119 0.053584 -0.000249 0.998563
0.748401 3.06534 -4.56931 0.933988 0.59641 0.053269 -0.004572 0.99857
0.71586 2.70467 -4.56931 0.899348 0.592593 0.053252 -0.004804 0.99857
5.16979 2.74233 -4.80665 0.895658 0.986119 0.053584 -0.000249 0.998563
5.16979 3.103 -4.80665 0.930356 0.986778 0.053603 0 0.998562
0.748401 3.06534 -4.56931 0.933988 0.59641 0.053269 -0.004572 0.99857
0.71586 2.70467 -4.79877 0.872934 0.593875 0.008455 -0.999964 -0
5.16979 2.74233 -4.80665 0.891286 0.986119 0.008455 -0.999964 -0
0.71586 2.70467 -4.56931 0.894976 0.592593 0.008455 -0.999964 -0
0.71586 2.70467 -4.79877 0.872934 0.593875 0.008455 -0.999964 -0
5.16979 2.74233 -5.03611 0.869243 0.987401 0.008455 -0.999964 -0
5.16979 2.74233 -4.80665 0.891286 0.986119 0.008455 -0.999964 -0
5.16979 3.103 -4.80665 0.932841 0.986778 -0.008517 0.999964 -0
0.748401 3.06534 -4.79877 0.958487 0.598125 -0.008517 0.999964 -0
0.748401 3.06534 -4.56931 0.936474 0.59641 -0.008517 0.999964 -0
5.16979 3.103 -4.80665 0.932841 0.986778 -0.008517 0.999964 -0
5.16979 3.103 -5.03611 0.954855 0.988493 -0.008517 0.999964 -0
0.748401 3.06534 -4.79877 0.958487 0.598125 -0.008517 0.999964 -0
0.98172 5.44863 -4.5156 0.380155 0.403757 0.998584 -0.053206 -0
0.962884 6.08537 -4.83165 0.347964 0.463068 0.980106 0.198475 -0
0.962884 6.08537 -4.5156 0.378229 0.464847 0.980106 0.198475 -0
0.98172 5.44863 -4.5156 0.380155 0.403757 0.998584 -0.053206 -0
0.98172 5.44863 -4.83165 0.349618 0.40435 0.998584 -0.053206 -0
0.962884 6.08537 -4.83165 0.347964 0.463068 0.980106 0.198475 -0
0.515507 5.44863 -4.83165 0.29289 0.405443 0 0 -1
0.962884 6.08537 -4.83165 0.335063 0.463068 0 0 -1
0.98172 5.44863 -4.83165 0.336716 0.40435 0 0 -1
0.515507 5.44863 -4.83165 0.29289 0.405443 0 0 -1
0.515507 6.08537 -4.83165 0.29249 0.467045 0 0 -1
0.962884 6.08537 -4.83165 0.335063 0.463068 0 0 -1
0.515507 5.44863 -4.83165 0.279907 0.405443 -0.999837 0.018037 0
0.515507 6.08537 -4.5156 0.248968 0.466512 -0.986416 -0.164266 0
0.515507 6.08537 -4.83165 0.279506 0.467045 -0.986416 -0.164266 0
0.515507 5.44863 -4.83165 0.279907 0.405443 -0.999837 0.018037 0
0.515507 5.44863 -4.5156 0.250663 0.404813 -0.999837 0.018037 0
0.515507 6.08537 -4.5156 0.248968 0.466512 -0.986416 -0.164266 0
0.515507 5.44863 -4.5156 0.237553 0.404813 0 0 1
0.962884 6.08537 -4.5156 0.193772 0.460715 0 0 1
0.515507 6.08537 -4.5156 0.235858 0.466512 0 0 1
0.515507 5.44863 -4.5156 0.237553 0.404813 0 0 1
0.98172 5.44863 -4.5156 0.193085 0.402668 0 0 1
0.962884 6.08537 -4.5156 0.193772 0.460715 0 0 1
-0.242993 11.2089 -4.5156 0.017577 0.577933 -0.202098 0.979365 -0
-0.563682 11.1427 -4.83165 0.135369 0.458412 -0.202098 0.979365 -0
-0.563682 11.1427 -4.5156 0.017577 0.458412 -0.202098 0.979365 -0
-0.242993 11.2089 -4.5156 0.017577 0.577933 -0.202098 0.979365 -0
-0.242993 11.2089 -4.83165 0.135369 0.577933 -0.202099 0.979365 -0
-0.563682 11.1427 -4.83165 0.135369 0.458412 -0.202098 0.979365 -0
0.353026 8.55325 -4.5156 0.197479 0.702978 0 0 1
0.515507 6.08537 -4.5156 0.235858 0.466512 0 0 1
0.962884 6.08537 -4.5156 0.193772 0.460715 0 0 1
0.353026 8.55325 -4.5156 0.197479 0.702978 0 0 1
-0.0015 8.55325 -4.5156 0.230296 0.710977 0 0 1
0.515507 6.08537 -4.5156 0.235858 0.466512 0 0 1
0.962884 6.08537 -4.83165 0.347964 0.463068 0.980106 0.198475 -0
0.353026 8.55325 -4.5156 0.362822 0.707316 0.973403 0.2291 -1e-006
0.962884 6.08537 -4.5156 0.378229 0.464847 0.980106 0.198475 -0
0.962884 6.08537 -4.83165 0.347964 0.463068 0.980106 0.198475 -0
0.353026 8.55325 -4.83165 0.332656 0.705713 0.973403 0.2291 -1e-006
0.353026 8.55325 -4.5156 0.362822 0.707316 0.973403 0.2291 -1e-006
0.515507 6.08537 -4.83165 0.29249 0.467045 0 0 -1
0.353026 8.55325 -4.83165 0.319754 0.705713 0 0 -1
0.962884 6.08537 -4.83165 0.335063 0.463068 0 0 -1
0.515507 6.08537 -4.83165 0.29249 0.467045 0 0 -1
-0.0015 8.55325 -4.83165 0.286496 0.71183 0 0 -1
0.353026 8.55325 -4.83165 0.319754 0.705713 0 0 -1
0.515507 6.08537 -4.5156 0.248968 0.466512 -0.986416 -0.164266 0
-0.0015 8.55325 -4.83165 0.273513 0.71183 -0.977982 -0.208691 0
0.515507 6.08537 -4.83165 0.279506 0.467045 -0.986416 -0.164266 0
0.515507 6.08537 -4.5156 0.248968 0.466512 -0.986416 -0.164266 0
-0.0015 8.55325 -4.5156 0.243407 0.710977 -0.977982 -0.208691 -0
-0.0015 8.55325 -4.83165 0.273513 0.71183 -0.977982 -0.208691 0
-0.242993 11.2089 -4.5156 0.190696 0.963865 0 0 1
-0.0015 8.55325 -4.5156 0.230296 0.710977 0 0 1
0.353026 8.55325 -4.5156 0.197479 0.702978 0 0 1
-0.242993 11.2089 -4.5156 0.190696 0.963865 0 0 1
-0.563682 11.1427 -4.5156 0.221908 0.965168 0 0 1
-0.0015 8.55325 -4.5156 0.230296 0.710977 0 0 1
0.353026 8.55325 -4.83165 0.332656 0.705713 0.973403 0.2291 -1e-006
-0.242993 11.2089 -4.5156 0.352495 0.968094 0.975728 0.218985 -0
0.353026 8.55325 -4.5156 0.362822 0.707316 0.973403 0.2291 -1e-006
0.353026 8.55325 -4.83165 0.332656 0.705713 0.973403 0.2291 -1e-006
-0.242993 11.2089 -4.83165 0.322375 0.96685 0.975728 0.218985 -0
-0.242993 11.2089 -4.5156 0.352495 0.968094 0.975728 0.218985 -0
-0.0015 8.55325 -4.83165 0.286496 0.71183 0 0 -1
-0.242993 11.2089 -4.83165 0.309473 0.96685 0 0 -1
0.353026 8.55325 -4.83165 0.319754 0.705713 0 0 -1
-0.0015 8.55325 -4.83165 0.286496 0.71183 0 0 -1
-0.563682 11.1427 -4.83165 0.278191 0.966139 0 0 -1
-0.242993 11.2089 -4.83165 0.309473 0.96685 0 0 -1
-0.0015 8.55325 -4.5156 0.243407 0.710977 -0.977982 -0.208691 -0
-0.563682 11.1427 -4.83165 0.265208 0.966139 -0.977235 -0.212159 -1e-006
-0.0015 8.55325 -4.83165 0.273513 0.71183 -0.977982 -0.208691 0
-0.0015 8.55325 -4.5156 0.243407 0.710977 -0.977982 -0.208691 -0
-0.563682 11.1427 -4.5156 0.235019 0.965168 -0.977235 -0.212159 -1e-006
-0.563682 11.1427 -4.83165 0.265208 0.966139 -0.977235 -0.212159 -1e-006
0.515507 5.44863 -4.5156 0.237553 0.404813 0 0 1
0.854924 4.05915 -4.5156 0.203287 0.27334 0 0 1
0.98172 5.44863 -4.5156 0.193085 0.402668 0 0 1
0.515507 5.44863 -4.5156 0.237553 0.404813 0 0 1
0.478881 4.05509 -4.5156 0.239019 0.271809 0 0 1
0.854924 4.05915 -4.5156 0.203287 0.27334 0 0 1
0.515507 5.44863 -4.83165 0.279907 0.405443 -0.999837 0.018037 0
0.478881 4.05509 -4.5156 0.25213 0.271809 -0.999208 0.039792 0
0.515507 5.44863 -4.5156 0.250663 0.404813 -0.999837 0.018037 0
0.515507 5.44863 -4.83165 0.279907 0.405443 -0.999837 0.018037 0
0.478881 4.05509 -4.83165 0.282128 0.27202 -0.999208 0.039792 0
0.478881 4.05509 -4.5156 0.25213 0.271809 -0.999208 0.039792 0
0.854924 4.05915 -4.83165 0.330709 0.273972 2e-006 0 -1
0.515507 5.44863 -4.83165 0.29289 0.405443 0 0 -1
0.98172 5.44863 -4.83165 0.336716 0.40435 0 0 -1
0.854924 4.05915 -4.83165 0.330709 0.273972 2e-006 0 -1
0.478881 4.05509 -4.83165 0.295111 0.27202 2e-006 0 -1
0.515507 5.44863 -4.83165 0.29289 0.405443 0 0 -1
0.98172 5.44863 -4.5156 0.380155 0.403757 0.998584 -0.053206 -0
0.854924 4.05915 -4.83165 0.343611 0.273972 0.995862 -0.090877 -0
0.98172 5.44863 -4.83165 0.349618 0.40435 0.998584 -0.053206 -0
0.98172 5.44863 -4.5156 0.380155 0.403757 0.998584 -0.053206 -0
0.854924 4.05915 -4.5156 0.373706 0.272719 0.995862 -0.090877 0
0.854924 4.05915 -4.83165 0.343611 0.273972 0.995862 -0.090877 -0
0.403931 2.64687 -4.83165 0.28228 0.138172 -0.998641 0.05211 0
0.351211 1.6084 -4.5156 0.251224 0.039682 -0.998714 0.050701 -0
0.403931 2.64687 -4.5156 0.252212 0.138297 -0.998641 0.05211 0
0.403931 2.64687 -4.83165 0.28228 0.138172 -0.998641 0.05211 0
0.351211 1.6084 -4.83165 0.281195 0.039403 -0.998714 0.050701 -0
0.351211 1.6084 -4.5156 0.251224 0.039682 -0.998714 0.050701 -0
0.403931 2.64687 -4.5156 0.239101 0.138297 -1e-006 0 1
0.658937 1.6196 -4.5156 0.208899 0.042597 -0 0 1
0.726792 2.65503 -4.5156 0.2084 0.140745 -1e-006 0 1
0.403931 2.64687 -4.5156 0.239101 0.138297 -1e-006 0 1
0.351211 1.6084 -4.5156 0.238113 0.039682 0 0 1
0.658937 1.6196 -4.5156 0.208899 0.042597 -0 0 1
0.726792 2.65503 -4.5156 0.368802 0.139365 0.996789 -0.080079 0
0.658937 1.6196 -4.83165 0.336178 0.041694 0.99786 -0.065392 0
0.726792 2.65503 -4.83165 0.338757 0.140359 0.996789 -0.080079 0
0.726792 2.65503 -4.5156 0.368802 0.139365 0.996789 -0.080079 0
0.658937 1.6196 -4.5156 0.366219 0.040908 0.99786 -0.065392 -0
0.658937 1.6196 -4.83165 0.336178 0.041694 0.99786 -0.065392 0
0.658937 1.6196 -4.83165 0.323276 0.041694 0 0 -1
0.403931 2.64687 -4.83165 0.295263 0.138172 0 -0 -1
0.726792 2.65503 -4.83165 0.325855 0.140359 0 -0 -1
0.658937 1.6196 -4.83165 0.323276 0.041694 0 0 -1
0.351211 1.6084 -4.83165 0.294179 0.039403 0 0 -1
0.403931 2.64687 -4.83165 0.295263 0.138172 0 -0 -1
0.478881 4.05509 -4.83165 0.282128 0.27202 -0.999208 0.039792 0
0.403931 2.64687 -4.5156 0.252212 0.138297 -0.998641 0.05211 0
0.478881 4.05509 -4.5156 0.25213 0.271809 -0.999208 0.039792 0
0.478881 4.05509 -4.83165 0.282128 0.27202 -0.999208 0.039792 0
0.403931 2.64687 -4.83165 0.28228 0.138172 -0.998641 0.05211 0
0.403931 2.64687 -4.5156 0.252212 0.138297 -0.998641 0.05211 0
0.478881 4.05509 -4.5156 0.239019 0.271809 0 0 1
0.726792 2.65503 -4.5156 0.2084 0.140745 -1e-006 0 1
0.854924 4.05915 -4.5156 0.203287 0.27334 0 0 1
0.478881 4.05509 -4.5156 0.239019 0.271809 0 0 1
0.403931 2.64687 -4.5156 0.239101 0.138297 -1e-006 0 1
0.726792 2.65503 -4.5156 0.2084 0.140745 -1e-006 0 1
0.854924 4.05915 -4.5156 0.373706 0.272719 0.995862 -0.090877 0
0.726792 2.65503 -4.83165 0.338757 0.140359 0.996789 -0.080079 0
0.854924 4.05915 -4.83165 0.343611 0.273972 0.995862 -0.090877 -0
0.854924 4.05915 -4.5156 0.373706 0.272719 0.995862 -0.090877 0
0.726792 2.65503 -4.5156 0.368802 0.139365 0.996789 -0.080079 0
0.726792 2.65503 -4.83165 0.338757 0.140359 0.996789 -0.080079 0
0.726792 2.65503 -4.83165 0.325855 0.140359 0 -0 -1
0.478881 4.05509 -4.83165 0.295111 0.27202 2e-006 0 -1
0.854924 4.05915 -4.83165 0.330709 0.273972 2e-006 0 -1
0.726792 2.65503 -4.83165 0.325855 0.140359 0 -0 -1
0.403931 2.64687 -4.83165 0.295263 0.138172 0 -0 -1
0.478881 4.05509 -4.83165 0.295111 0.27202 2e-006 0 -1
